function [ng, Lg, W] = TriGauss_P_W(deg)
%----------------------------------------------------------------------------
% Function TriGauss_P_W provides the Gaussian points and weights %
% for the Gaussian quadrature for a triangle. %
% %
% On Input: 
% deg = order of the Gauss Quadrature (n<=5)
% %
% Output:
% ng = numeber Gauss points
% x: barycentric coordinates of thr Gauss points [ng 3]
% W: weights of the Gauss points [ng 1]
%
%   Author: A. Cristofolini 09/02/2017
%----------------------------------------------------------------------------

switch (deg)
    case(0)
        ng = 1;
        Lg = [0];
        W = 1.d0;
    case(1)
        ng = 1;
        Lg = [0.3333333333333333 0.3333333333333333 0.3333333333333333];
        W = 1.d0;
    case (2)
        ng = 3;
        Lg=[5.d-1 5.d-1 0.d0;
            5.d-1 0.d0 5.d-1;
            0.d0 5.d-1 5.d-1];
        a = 0.3333333333333333;
        W=[a; a; a];
    case (3)
        ng = 4;
        Lg=[0.3333333333333333 0.3333333333333333 0.3333333333333333;
            0.2000000000000000 0.2000000000000000 0.6000000000000000;
            0.2000000000000000 0.6000000000000000 0.2000000000000000;
            0.6000000000000000 0.2000000000000000 0.2000000000000000];
        a = -0.5625000000000000;
        b = 0.52083333333333333;
        W=[a; b; b; b];
    case (4)
        
        ng = 6;
        Lg=[0.445948490915965 0.445948490915965 0.108103018168070;
            0.445948490915965 0.108103018168070 0.445948490915965;
            0.108103018168070 0.445948490915965 0.445948490915965;
            0.091576213509771 0.091576213509771 0.816847572980459;
            0.091576213509771 0.816847572980459 0.091576213509771;
            0.816847572980459 0.091576213509771 0.091576213509771];
        a = 0.223381589678011;
        b = 0.109951743655322;
        W = [a; a; a; b; b; b];
    case(5)
        ng = 7;
        Lg=[0.333333333333333 0.333333333333333 0.333333333333333;
            0.470142064105110 0.470142064105110 0.059715871789770;
            0.470142064105110 0.059715871789770 0.470142064105110;
            0.059715871789770 0.470142064105110 0.470142064105110;
            0.101286507323456 0.101286507323456 0.797426985353087;
            0.101286507323456 0.797426985353087 0.101286507323456;
            0.797426985353087 0.101286507323456 0.101286507323456];
        a = 0.225000000000000;
        b = 0.132394152788506;
        c = 0.125939180544827;
        W = [a; b; b; b; c; c; c];
end
end

